1 1 1
2 4 1
3 4 1
4 4 1
5 4 1
6 4 1
7 1 2
8 4 2
9 4 2
10 1 3
11 4 3
12 4 3
13 1 4
14 4 4
15 4 4
16 4 4
17 4 4
18 4 4
19 1 5
20 4 5
21 4 5
22 4 5
23 1 6
24 4 6
25 4 6
26 4 6
27 4 6
28 1 7
29 4 7
30 4 7
31 1 8
32 1 9
33 4 9
34 4 9
35 4 9
36 4 9
37 4 9
38 4 9
39 4 9
40 4 9
41 4 9
42 4 9
43 4 9
44 1 10
45 4 10
46 4 10
47 4 10
48 4 10
49 1 11
50 4 11
51 4 11
52 4 11
53 4 11
54 4 11
55 4 11
56 4 11
57 4 11
58 4 11
59 4 11
60 4 11
61 4 11
62 4 11
63 4 11
64 4 11
65 4 11
66 4 11
67 4 11
68 1 12
69 4 12
70 1 13
71 4 13
72 4 13
73 4 13
74 4 13
75 4 13
76 4 13
77 4 13
78 4 13
79 1 14
80 4 14
81 4 14
82 1 15
83 4 15
84 4 15
85 4 15
86 1 16
87 4 16
88 4 16
89 4 16
90 4 16
91 1 17
92 4 17
93 4 17
94 1 18
95 4 18
96 4 18
97 1 19
98 4 19
99 4 19
100 1 20
101 4 20
102 4 20
103 1 21
104 4 21
105 4 21
106 4 21
107 4 21
108 4 21
109 1 22
110 4 22
111 4 22
112 4 22
113 4 22
114 4 22
115 4 22
116 4 22
117 4 22
118 4 22
119 4 22
120 4 22
121 4 22
122 4 22
123 4 22
124 4 22
125 4 22
126 4 22
127 4 22
128 4 22
129 1 23
130 1 24
131 4 24
132 4 24
133 1 25
134 4 25
135 4 25
136 4 25
137 4 25
138 4 25
139 1 26
140 4 26
141 4 26
142 4 26
143 4 26
144 4 26
145 4 26
146 4 26
147 4 26
148 4 26
149 4 26
150 4 26
151 4 26
152 4 26
153 4 26
154 4 26
155 4 26
156 4 26
157 4 26
158 4 26
159 4 26
160 4 26
161 4 26
162 4 26
163 4 26
164 4 26
165 4 26
166 4 26
167 1 27
168 4 27
169 4 27
170 4 27
171 4 27
172 4 27
173 4 27
174 4 27
175 4 27
176 1 28
177 4 28
178 4 28
179 4 28
180 4 28
181 4 28
182 4 28
183 4 28
184 4 28
185 4 28
186 4 28
187 4 28
188 1 29
189 4 29
190 1 30
191 4 30
192 1 31
193 1 32
194 4 32
195 4 32
196 4 32
197 4 32
198 4 32
199 4 32
200 4 32
201 4 32
202 4 32
203 1 33
204 4 33
205 4 33
206 4 33
207 4 33
208 1 34
209 4 34
210 4 34
211 4 34
212 4 34
213 4 34
214 4 34
215 4 34
216 4 34
217 4 34
218 4 34
219 1 35
220 4 35
221 4 35
222 4 35
223 4 35
224 4 35
225 4 35
226 1 36
227 4 36
228 4 36
229 4 36
230 1 37
231 4 37
232 4 37
233 4 37
234 4 37
235 4 37
236 1 38
237 4 38
238 4 38
239 1 39
240 4 39
241 4 39
242 4 39
243 4 39
244 4 39
245 4 39
246 4 39
247 4 39
248 4 39
249 4 39
250 4 39
251 4 39
252 4 39
253 4 39
254 4 39
255 4 39
256 4 39
257 4 39
258 4 39
259 4 39
260 4 39
261 4 39
262 1 40
263 1 41
264 4 41
265 4 41
266 4 41
267 4 41
268 4 41
269 4 41
270 4 41
271 4 41
272 4 41
273 4 41
274 4 41
275 4 41
276 4 41
277 4 41
278 4 41
279 4 41
280 1 42
281 4 42
282 4 42
283 4 42
284 4 42
285 4 42
286 4 42
287 4 42
288 4 42
289 4 42
290 4 42
291 1 43
292 4 43
293 1 44
294 4 44
295 4 44
296 4 44
297 4 44
298 4 44
299 4 44
300 4 44
301 1 45
302 1 46
303 4 46
304 4 46
305 4 46
306 4 46
307 4 46
308 4 46
309 4 46
310 1 47
311 4 47
312 4 47
313 1 48
314 4 48
315 4 48
316 4 48
317 4 48
318 4 48
319 1 49
320 1 50
321 4 50
322 4 50
323 4 50
324 4 50
325 4 50
326 1 51
327 4 51
328 4 51
329 1 52
330 4 52
331 1 53
332 4 53
333 4 53
334 4 53
335 4 53
336 4 53
337 4 53
338 1 54
339 4 54
340 4 54
341 4 54
342 4 54
343 4 54
344 4 54
345 4 54
346 4 54
347 4 54
348 4 54
349 4 54
350 4 54
351 4 54
352 4 54
353 4 54
354 4 54
355 4 54
356 1 55
357 4 55
358 4 55
359 4 55
360 4 55
361 4 55
362 1 56
363 4 56
364 4 56
365 1 57
366 4 57
367 1 58
368 1 59
369 4 59
370 4 59
371 4 59
372 4 59
373 4 59
374 4 59
375 4 59
376 1 60
377 4 60
378 4 60
379 1 61
380 4 61
381 4 61
382 4 61
383 1 62
384 4 62
385 4 62
386 1 63
387 4 63
388 4 63
389 4 63
390 4 63
391 1 64
392 1 65
393 4 65
394 4 65
395 4 65
396 4 65
397 1 66
398 4 66
399 4 66
400 4 66
401 4 66
402 4 66
403 4 66
404 1 67
405 4 67
406 4 67
407 4 67
408 4 67
409 1 68
410 4 68
411 4 68
412 4 68
413 4 68
414 4 68
415 4 68
416 4 68
417 4 68
418 4 68
419 4 68
420 4 68
421 4 68
422 4 68
423 4 68
424 4 68
425 4 68
426 4 68
427 4 68
428 4 68
429 4 68
430 4 68
431 4 68
432 4 68
433 4 68
434 4 68
435 4 68
436 4 68
437 4 68
438 4 68
439 4 68
440 1 69
441 4 69
442 4 69
443 4 69
444 4 69
445 4 69
446 1 70
447 4 70
448 4 70
449 4 70
450 4 70
451 4 70
452 4 70
453 4 70
454 4 70
455 4 70
456 4 70
457 4 70
458 4 70
459 4 70
460 4 70
461 4 70
462 4 70
463 4 70
464 1 71
465 4 71
466 4 71
467 4 71
468 4 71
469 1 72
470 4 72
471 4 72
472 4 72
473 4 72
474 4 72
475 4 72
476 4 72
477 4 72
478 1 73
479 4 73
480 4 73
481 4 73
482 4 73
483 4 73
484 4 73
485 4 73
486 4 73
487 1 74
488 4 74
489 4 74
490 1 75
491 4 75
492 4 75
493 4 75
494 4 75
495 4 75
496 1 76
497 4 76
498 4 76
499 4 76
500 4 76
501 4 76
502 4 76
503 4 76
504 4 76
505 4 76
506 4 76
507 4 76
508 4 76
509 4 76
510 4 76
511 4 76
512 4 76
513 4 76
514 4 76
515 4 76
516 4 76
517 4 76
518 4 76
519 4 76
520 4 76
521 4 76
522 4 76
523 4 76
524 4 76
525 4 76
526 4 76
527 4 76
528 4 76
529 4 76
530 4 76
531 4 76
532 4 76
533 4 76
534 4 76
535 4 76
536 1 77
537 4 77
538 4 77
539 4 77
540 4 77
541 4 77
542 4 77
543 4 77
544 4 77
545 4 77
546 4 77
547 4 77
548 4 77
549 4 77
550 4 77
551 4 77
552 4 77
553 4 77
554 4 77
555 4 77
556 1 78
557 4 78
558 4 78
559 4 78
560 4 78
561 4 78
562 4 78
563 1 79
564 4 79
565 1 80
566 1 81
567 4 81
568 4 81
569 4 81
570 4 81
571 4 81
572 4 81
573 4 81
574 4 81
575 4 81
576 4 81
577 4 81
578 4 81
579 4 81
580 4 81
581 4 81
582 4 81
583 4 81
584 4 81
585 4 81
586 4 81
587 4 81
588 4 81
589 4 81
590 4 81
591 4 81
592 4 81
593 4 81
594 4 81
595 4 81
596 4 81
597 4 81
598 4 81
599 4 81
600 4 81
601 4 81
602 4 81
603 4 81
604 4 81
605 4 81
606 4 81
607 4 81
608 1 82
609 4 82
610 4 82
611 4 82
612 4 82
613 4 82
614 4 82
615 4 82
616 4 82
617 1 83
618 4 83
619 4 83
620 4 83
621 4 83
622 1 84
623 1 85
624 4 85
625 4 85
626 4 85
627 4 85
628 4 85
629 4 85
630 4 85
631 4 85
632 1 86
633 4 86
634 4 86
635 1 87
636 4 87
637 1 88
638 1 89
639 4 89
640 4 89
641 4 89
642 4 89
643 4 89
644 1 90
645 4 90
646 4 90
647 4 90
648 4 90
649 1 91
650 4 91
651 4 91
652 4 91
653 1 92
654 4 92
655 1 93
656 1 94
657 4 94
658 4 94
659 4 94
660 4 94
661 4 94
662 4 94
663 4 94
664 4 94
665 1 95
666 4 95
667 4 95
668 4 95
669 4 95
670 4 95
671 1 96
672 4 96
673 1 97
674 4 97
675 4 97
676 4 97
677 4 97
678 4 97
679 4 97
680 1 98
681 4 98
682 4 98
683 1 99
684 4 99
685 4 99
686 4 99
687 4 99
688 4 99
689 4 99
690 4 99
691 4 99
692 4 99
693 4 99
694 1 100
695 4 100
696 4 100
697 4 100
698 4 100
699 4 100
700 1 101
701 4 101
702 4 101
703 4 101
704 4 101
705 4 101
706 4 101
707 4 101
708 4 101
709 1 102
710 4 102
711 4 102
712 4 102
713 4 102
714 4 102
715 4 102
716 1 103
717 4 103
718 4 103
719 4 103
720 4 103
721 4 103
722 4 103
723 4 103
724 4 103
725 4 103
726 4 103
727 4 103
728 4 103
729 4 103
730 4 103
731 4 103
732 4 103
733 4 103
734 4 103
735 4 103
736 1 104
737 4 104
738 4 104
739 1 105
740 4 105
741 4 105
742 4 105
743 4 105
744 4 105
745 4 105
746 4 105
747 4 105
748 1 106
749 4 106
750 4 106
751 4 106
752 4 106
753 4 106
754 4 106
755 4 106
756 4 106
757 4 106
758 4 106
759 4 106
760 4 106
761 1 107
762 4 107
763 1 108
764 4 108
765 4 108
766 4 108
767 4 108
768 4 108
769 4 108
770 4 108
771 4 108
772 4 108
773 4 108
774 4 108
775 4 108
776 4 108
777 4 108
778 4 108
779 4 108
780 4 108
781 4 108
782 4 108
783 4 108
784 1 109
785 4 109
786 4 109
787 4 109
788 4 109
789 4 109
790 1 110
791 4 110
792 4 110
793 1 111
794 4 111
795 4 111
796 4 111
797 4 111
798 4 111
799 4 111
800 4 111
801 4 111
802 1 112
803 4 112
804 4 112
805 4 112
806 1 113
807 4 113
808 4 113
809 4 113
810 4 113
811 4 113
812 4 113
813 4 113
814 4 113
815 4 113
816 4 113
817 4 113
818 1 114
819 4 114
820 1 115
821 4 115
822 4 115
823 4 115
824 4 115
825 4 115
826 4 115
827 4 115
828 4 115
829 4 115
830 4 115
831 4 115
832 4 115
833 1 116
834 4 116
835 4 116
836 1 117
837 4 117
838 4 117
839 4 117
840 4 117
841 4 117
842 4 117
843 4 117
844 4 117
845 4 117
846 4 117
847 1 118
848 4 118
849 4 118
850 4 118
851 4 118
852 4 118
853 4 118
854 4 118
855 4 118
856 4 118
857 4 118
858 4 118
859 4 118
860 1 119
861 4 119
862 4 119
863 1 120
864 4 120
865 4 120
866 4 120
867 4 120
868 4 120
869 4 120
870 4 120
871 4 120
872 4 120
873 4 120
874 1 121
875 4 121
876 4 121
877 4 121
878 4 121
879 4 121
880 4 121
881 1 122
882 4 122
883 4 122
884 4 122
885 4 122
886 4 122
887 4 122
888 1 123
889 4 123
890 4 123
891 4 123
892 4 123
893 4 123
894 4 123
895 4 123
896 4 123
897 4 123
898 4 123
899 1 124
900 4 124
901 1 125
902 4 125
903 4 125
904 1 126
905 4 126
906 4 126
907 1 127
908 4 127
909 4 127
910 1 128
911 4 128
912 1 129
913 1 130
914 4 130
915 4 130
916 4 130
917 4 130
918 4 130
919 4 130
920 4 130
921 1 131
922 4 131
923 1 132
924 4 132
925 4 132
926 4 132
927 4 132
928 4 132
929 4 132
930 4 132
931 1 133
932 1 134
933 4 134
934 4 134
935 4 134
936 4 134
937 1 135
938 4 135
939 4 135
940 1 136
941 4 136
942 4 136
943 4 136
944 4 136
945 4 136
946 1 137
947 4 137
948 4 137
949 4 137
950 4 137
951 4 137
952 4 137
953 4 137
954 4 137
955 4 137
956 4 137
957 4 137
958 4 137
959 4 137
960 4 137
961 4 137
962 4 137
963 4 137
964 1 138
965 4 138
966 4 138
967 4 138
968 4 138
969 4 138
970 1 139
971 4 139
972 4 139
973 1 140
974 4 140
975 4 140
976 4 140
977 4 140
978 4 140
979 4 140
980 4 140
981 4 140
982 4 140
983 4 140
984 4 140
985 4 140
986 4 140
987 4 140
988 4 140
989 1 141
990 4 141
991 4 141
992 4 141
993 4 141
994 4 141
995 4 141
996 4 141
997 4 141
998 1 142
999 4 142
1000 1 143
1001 4 143
1002 4 143
1003 1 144
1004 4 144
1005 4 144
1006 4 144
1007 4 144
1008 4 144
1009 1 145
1010 4 145
1011 4 145
1012 4 145
1013 4 145
1014 4 145
1015 4 145
1016 4 145
1017 4 145
1018 4 145
1019 4 145
1020 4 145
1021 4 145
1022 4 145
1023 4 145
1024 4 145
1025 4 145
1026 4 145
1027 4 145
1028 4 145
1029 1 146
1030 1 147
1031 4 147
1032 4 147
1033 1 148
1034 4 148
1035 4 148
1036 4 148
1037 4 148
1038 4 148
1039 1 149
1040 4 149
1041 4 149
1042 4 149
1043 4 149
1044 4 149
1045 4 149
1046 4 149
1047 4 149
1048 4 149
1049 4 149
1050 4 149
1051 4 149
1052 4 149
1053 4 149
1054 4 149
1055 4 149
1056 4 149
1057 4 149
1058 4 149
1059 4 149
1060 4 149
1061 4 149
1062 4 149
1063 4 149
1064 4 149
1065 4 149
1066 4 149
1067 1 150
1068 4 150
1069 4 150
1070 4 150
1071 4 150
1072 4 150
1073 4 150
1074 4 150
1075 4 150
1076 1 151
1077 4 151
1078 4 151
1079 4 151
1080 4 151
1081 4 151
1082 4 151
1083 4 151
1084 4 151
1085 4 151
1086 4 151
1087 4 151
1088 1 152
1089 4 152
1090 1 153
1091 4 153
1092 1 154
1093 1 155
1094 4 155
1095 4 155
1096 4 155
1097 4 155
1098 4 155
1099 4 155
1100 4 155
1101 4 155
1102 4 155
1103 4 155
1104 4 155
1105 4 155
1106 4 155
1107 4 155
1108 4 155
1109 4 155
1110 4 155
1111 4 155
1112 1 156
1113 4 156
1114 1 157
1115 1 158
1116 4 158
1117 4 158
1118 4 158
1119 4 158
1120 4 158
1121 1 159
1122 1 160
1123 4 160
1124 4 160
1125 1 161
1126 4 161
1127 4 161
1128 1 162
1129 4 162
1130 4 162
1131 4 162
1132 4 162
1133 4 162
1134 4 162
1135 4 162
1136 4 162
1137 4 162
1138 4 162
1139 4 162
1140 4 162
1141 1 163
1142 4 163
1143 4 163
1144 4 163
1145 4 163
1146 4 163
1147 4 163
1148 1 164
1149 4 164
1150 4 164
1151 1 165
1152 1 166
1153 4 166
1154 4 166
1155 4 166
1156 4 166
1157 4 166
1158 1 167
1159 4 167
1160 4 167
1161 4 167
1162 4 167
1163 4 167
1164 4 167
1165 4 167
1166 4 167
1167 4 167
1168 4 167
1169 4 167
1170 4 167
1171 4 167
1172 4 167
1173 4 167
1174 4 167
1175 4 167
1176 4 167
1177 1 168
1178 4 168
1179 4 168
1180 4 168
1181 4 168
1182 1 169
1183 4 169
1184 1 170
1185 1 171
1186 4 171
1187 4 171
1188 1 172
1189 4 172
1190 4 172
1191 4 172
1192 4 172
1193 4 172
1194 4 172
1195 4 172
1196 4 172
1197 4 172
1198 4 172
1199 4 172
1200 4 172
1201 4 172
1202 4 172
1203 4 172
1204 4 172
1205 4 172
1206 4 172
1207 4 172
1208 4 172
1209 1 173
1210 4 173
1211 1 174
1212 1 175
1213 4 175
1214 4 175
1215 1 176
1216 4 176
1217 4 176
1218 1 177
1219 4 177
1220 4 177
1221 1 178
1222 1 179
1223 4 179
1224 4 179
1225 4 179
1226 4 179
1227 4 179
1228 4 179
1229 4 179
1230 4 179
1231 4 179
1232 4 179
1233 1 180
1234 4 180
1235 4 180
1236 4 180
1237 4 180
1238 4 180
1239 4 180
1240 4 180
1241 4 180
1242 4 180
1243 4 180
1244 4 180
1245 4 180
1246 4 180
1247 1 181
1248 4 181
1249 4 181
1250 4 181
1251 1 182
1252 4 182
1253 4 182
1254 4 182
1255 4 182
1256 4 182
1257 1 183
1258 1 184
1259 4 184
1260 4 184
1261 4 184
1262 4 184
1263 4 184
1264 4 184
1265 4 184
1266 4 184
1267 4 184
1268 4 184
1269 4 184
1270 4 184
1271 4 184
1272 4 184
1273 4 184
1274 1 185
1275 1 186
1276 4 186
1277 1 187
1278 4 187
1279 4 187
1280 4 187
1281 1 188
1282 4 188
1283 4 188
1284 4 188
1285 1 189
1286 4 189
1287 4 189
1288 1 190
1289 4 190
1290 1 191
1291 4 191
1292 4 191
1293 4 191
1294 4 191
1295 4 191
1296 4 191
